1
10
10
100
11
1000
100
10000
101
100000
110
1000000
111
10000000
1000
100000000
1001
1000000000
1010
10000000000
1011
100000000000
1100
1000000000000
1101
10000000000000
1110
100000000000000
1111
1000000000000000
10000
10000000000000000
10001
100000000000000000
10010
1000000000000000000
10011
10000000000000000000
10100
100000000000000000000
10101
1000000000000000000000
10110
10000000000000000000000
10111
100000000000000000000000
11000
1000000000000000000000000
11001
10000000000000000000000000
11010
100000000000000000000000000
11011
1000000000000000000000000000
11100
10000000000000000000000000000
11101
100000000000000000000000000000
11110
1000000000000000000000000000000
11111
10000000000000000000000000000000
100000
100000000000000000000000000000000
100001
1000000000000000000000000000000000
100010
10000000000000000000000000000000000
100011
100000000000000000000000000000000000
100100
1000000000000000000000000000000000000
100101
10000000000000000000000000000000000000
100110
100000000000000000000000000000000000000
100111
1000000000000000000000000000000000000000
101000
10000000000000000000000000000000000000000
101001
100000000000000000000000000000000000000000
101010
1000000000000000000000000000000000000000000
101011
10000000000000000000000000000000000000000000
101100
100000000000000000000000000000000000000000000
101101
1000000000000000000000000000000000000000000000
101110
10000000000000000000000000000000000000000000000
101111
100000000000000000000000000000000000000000000000
110000
1000000000000000000000000000000000000000000000000
110001
10000000000000000000000000000000000000000000000000
110010
100000000000000000000000000000000000000000000000000
110011
1000000000000000000000000000000000000000000000000000
110100
10000000000000000000000000000000000000000000000000000
110101
100000000000000000000000000000000000000000000000000000
110110
1000000000000000000000000000000000000000000000000000000
110111
10000000000000000000000000000000000000000000000000000000
111000
100000000000000000000000000000000000000000000000000000000
111001
1000000000000000000000000000000000000000000000000000000000
111010
10000000000000000000000000000000000000000000000000000000000
111011
100000000000000000000000000000000000000000000000000000000000
111100
1000000000000000000000000000000000000000000000000000000000000
111101
10000000000000000000000000000000000000000000000000000000000000
111110
100000000000000000000000000000000000000000000000000000000000000
111111
1000000000000000000000000000000000000000000000000000000000000000
1000000
10000000000000000000000000000000000000000000000000000000000000000
1000001
100000000000000000000000000000000000000000000000000000000000000000
1000010
1000000000000000000000000000000000000000000000000000000000000000000
1000011
10000000000000000000000000000000000000000000000000000000000000000000
1000100
100000000000000000000000000000000000000000000000000000000000000000000
1000101
1000000000000000000000000000000000000000000000000000000000000000000000
1000110
10000000000000000000000000000000000000000000000000000000000000000000000
1000111
10
1001000
100
1001001
1000
1001010
10010
1001011
10
1001100
110
1001101
1110
1001110
10
1001111
110
1010000
1100
1010001
10
1010010
100
1010011
1000
1010100
10010
1010101
10
1010110
110
1010111
1110
1011000
10
1011001
110
1011010
1100
1011011
10
1011100
100
1011101
1000
1011110
10010
1011111
10
1100000
110
1100001
1110
1100010
10
1100011
110
1100100
1100