
32
8
16
512
4
256
128
64
1024
2048
4096
8192
16384
32768
65536
131072
262144
524288
2097152
1048576
4194304
8388608
16777216
33554432
134217728
67108864
268435456
536870912
1073741824
2147483648
8589934592
4294967296
17179869184
34359738368
137438953472
274877906944
68719476736
549755813888
1099511627776
4398046511104
2199023255552
8796093022208
17592186044416
35184372088832
70368744177664
140737488355328
281474976710656
562949953421312
2251799813685248
4503599627370496
1125899906842624
18014398509481984
9007199254740992
144115188075855870
72057594037927940
36028797018963970
288230376151711740
576460752303423500
1152921504606847000
4611686018427388000
9223372036854776000
2305843009213694000
18446744073709552000
73786976294838210000
36893488147419103000
147573952589676410000
295147905179352830000
590295810358705700000
1.1805916207174113e+21
2
4
8
2
14
6
6
18
2
12
4
2
8
18
6
14
2
6
12
4
2
8
2
18
6
2
6
NaN
2
12
14